spawn:
  world: Minez World
  x: -565.3077577201184
  y: 22.5
  z: 2269.0370036329464
  pitch: -0.9000418
  yaw: 89.84995
